16
16
0111111111111111
01000000000000001
1000101011010110
10111111111100001
0000101000001110
11111111111100001
0000000000010110
10100000000000001
0001111100111110
11100000111000011
0001111111111110
10110010000001001
0000101111010000
11110110000111111
0001000111000000
10110111000011111
0000100001100000
11110101010010011
0001011111101010
10100100000010011
0001111110111010
11101000001000001
0001011101011111
10101100001100001
0001001101001110
11101111010110001
0001001011000111
11101110100111001
0001000111000010
11100000000010101
0011111111111101
11000000000000010
1111111111111110